age gender smoke QI Vitamin Calories fat fiber alcohol CHL DBC plasma
 26   F   1   20.5412   1   1987.2    76.6    9.8    0.0   156.1   1460    36
 42   F   0   20.5412   1   2347.3   104.4   12.5    0.0   249.3   1666    97
 41   F   0   19.4090   1   1372.7    61.6    9.5    0.0   182.5   1826   290
 47   F   0   21.1882   0   1076.6    33.4   22.5    4.1   138.8   1489   204
 37   F   1   28.3357   0   1902.8    81.7    8.2    0.0   178.6   1662   131
 73   M   1   19.4090   0   2453.5   118.5   10.3    0.0   516.5    954   127
 34   F   0   28.5795   0   2118.1    93.0   20.1    0.0   170.0   2215    75
 60   F   0   19.9326   0   1333.8    37.1   16.9    6.5    84.0   4964   266
 74   F   0   25.7393   0    818.1    34.3    6.6    3.7    55.4   1114   129
 43   F   0   20.2970   0   2075.9    96.5   17.3    7.0   271.8   3318   427
 33   F   0   19.4090   0   1878.2    81.6    9.6    4.9   265.8   1431   159
 43   F   0   23.0381   1   3711.0   202.7   14.9   18.0   469.2   1861   125
 70   F   0   22.4821   1   1730.6    72.9   14.4    0.2   363.1   2315   425
 56   F   0   26.3173   0   2225.1   111.5   10.4    6.8   283.7   1432   150
 51   F   0   25.1571   0   1952.7    63.8   17.9   11.0   201.3   2308   180
 33   F   0   20.5696   0   3144.8   155.0   17.6    4.1   308.8   3141   182
 70   F   0   25.7393   0   1387.7    55.2   11.2    0.0   114.0    869   292
 38   F   0   20.0108   0   2372.3    83.6   19.1   14.1   257.9   6321   328
 28   F   0   20.1250   0   1600.9    68.0   14.2    0.2   171.2   3102    88
 29   F   0   18.6003   0   1041.6    45.4    6.0    3.0   139.5    675   129
 64   F   0   21.4838   1   1298.8    57.0    6.3    0.0   170.3   1945   200
 36   F   1   25.7393   0   1959.3   112.4    6.7    0.5   326.7   1097   140
 76   F   0   23.8763   1   1032.5    50.1   15.8    0.0    75.8   2653   124
 40   F   0   25.1406   0   2449.5    97.5   26.5    0.5   332.6   1061   153
 72   F   0   20.9850   1   1952.1    82.6   16.2    0.0   170.8   2863    92
 40   F   0   27.5214   0   1366.9    56.0    9.6    1.3   154.6   1729   148
 65   F   0   22.0115   0   2213.9    52.0   28.7    0.0   255.1   5371   258
 58   F   0   28.7570   1   1595.6    63.4   10.9    0.0   214.1    823    64
 35   F   0   23.0766   0   1800.5    57.8   20.3    0.6   233.6   2895   218
 55   F   0   34.9700   0   1263.6    39.6   15.5    0.0   171.9   3307    81
 66   F   0   20.9465   1   1460.8    58.0   18.2    1.0   137.4   1714   184
 40   F   0   36.4316   0   1638.2    49.3   14.9    0.0   130.7   2031    91
 57   M   0   31.7304   0   2072.9   106.7    9.6    0.9   420.0   1982   120
 66   F   0   21.7885   1    987.5    35.6   10.3    0.0   254.9   2120    61
 66   M   0   27.3192   0   1574.3    75.0    7.1    0.0   361.5   1388   108
64   M   0   31.4467   0   2868.5   128.8   15.0    20.0   379.5   3888    211
62   M   0   25.9025   1   1751.1    80.7    8.4    14.1   160.3   2194    235
75   M   0   29.1526   1   1407.6    35.0   20.8     7.0   144.1   3470    288
68   F   0   38.1873   0   1628.5    78.6   11.6     0.0   512.3   2108    102
57   M   0   25.8967   0   1101.4    48.5    8.5     5.0   197.2   1157    113
56   M   0   24.4588   0   2433.6   127.6   19.9     7.1   271.2   1739     74
30   F   0   22.7212   0   1437.3    61.5    8.8     2.3   160.9   1008    129
34   F   0   24.0812   0   2062.7    81.1   13.6    18.0   190.5    606    140
53   F   0   23.1599   0   1276.5    50.1    9.0     4.7   143.5   1380    138
60   F   0   49.1203   1   2114.8    77.6   14.9     0.5   239.9   4916    143
50   F   0   23.0766   1   1113.0    32.8   12.9     3.0   104.8   4451    416
62   F   0   33.7244   0   1323.0    60.8   11.4     0.0   155.8   5983    212
61   F   0   25.1827   1   2837.3    84.2   33.8     0.0   192.1   2413    786
65   M   0   28.9498   0   2055.9   111.8   15.9     0.0   226.5   3087     35
71   M   0   24.6800   0   1285.8    55.4   10.6     2.0   353.4    521    122
43   F   0   28.4015   0   1786.9    93.9   10.6     0.0   247.0   2431    119
74   F   1   16.3311   0   1241.0    53.1   10.8     0.1   206.1   1668    186
41   F   0   21.0313   0   2419.3   122.7   16.2     0.3   325.2   4366    216
56   M   0   22.6438   0   2712.7   145.3   13.4     8.0   242.6    494    751
44   F   1   25.8787   1   1810.0    95.3   17.5     0.0   253.1   7026     39
37   F   0   35.3601   0   1778.1    75.9   10.8     0.5   332.6   1529    107
37   F   0   25.9401   0   1147.9    47.6    7.3     0.1   117.0    241     74
39   M   1   21.9991   1   1951.4   109.1    4.7     0.0   461.1    998    418
37   F   0   22.5122   1   2035.5    65.7   22.1     0.7   205.3   6082   1415
53   F   0   27.4927   0   1248.6    56.9    8.2     0.0   223.2   2741    400
66   F   0   27.4961   0   3184.8   199.0   16.8     0.2   362.6   2100    102
58   F   0   24.1797   0   1538.1    78.7   14.2     0.9   231.2   2359    135
31   F   1   23.3459   0   1456.5    56.6    8.5     1.0   182.7    603     97
49   F   0   21.6784   0   1656.3    59.5   13.3     0.1   180.3   1625    124
75   F   0   21.3291   1   1396.8    53.3   13.2     3.2    99.3   2888    195
62   F   0   33.7442   1   1588.1    88.9    7.4     0.0   362.6   1099    107
56   F   0   32.0748   0   1566.5    95.2    6.5     7.2   408.0   2103     53
69   M   0   31.6684   1    827.9    32.8    8.7     0.0    79.8   2260    148
50   F   1   25.1119   0   2340.4   110.4   11.3    14.0   260.7    452     77
50   F   0   20.4035   0   1902.9    72.9   35.4     7.3   175.6   3549    316
 72   F   0   39.2230   1   1111.9    47.2   10.2     0.2    69.4   2204    77
 55   M   0   21.6362   0   1896.1    82.2    9.3    10.0   296.8   1052    39
 43   F   0   29.0047   1   1472.7    61.8   12.2     0.0   216.3   3572   225
 29   F   0   18.8340   1   2237.4    77.6   22.6     0.7   180.6   2902   173
 44   F   1   29.1135   0   1446.2    63.2    9.5     3.2   208.8   1788    79
 48   F   0   32.3483   1   2908.5   139.1   16.4     0.2   511.6   5111   102
 38   F   0   23.8573   0   2190.7    96.9   17.7     1.3   192.1   1378   158
 56   F   0   16.6367   1   1436.8    57.2    9.4     0.0   183.3   1727   157
 65   M   1   23.3762   0   4010.0   164.3   11.3     2.3   603.0   2893    96
 48   F   0   30.2950   1   2893.3   125.8   18.8     1.7   256.7   2524   160
 66   M   0   22.5743   1   1902.4    76.7   17.7     3.1   216.7   2533   100
 78   F   0   26.3675   1   1531.6    69.5    5.4     0.0   168.0    982   293
 65   M   0   23.5424   0   1220.7    34.6   16.5     5.6   152.8   1535   171
 72   F   0   22.0119   0   1247.7    46.8   10.2     0.0   347.9    326    89
 31   F   1   21.0778   0   1631.5    75.2    8.5     0.7   277.1   1487   109
 61   F   0   25.1827   0   1570.1    58.7   19.3     2.0   158.3   1080    87
 83   F   0   25.2068   0   1331.2    50.6    7.7     0.3   380.7   2492   328
 46   F   0   30.7097   0   2052.4   120.4   10.2     0.0   195.2   1349   298
 62   F   0   23.9217   1   1823.0    80.3   17.4     6.2   256.8   6948   379
 56   F   1   20.6410   0   1743.8    85.3   13.2     7.2   349.6   1086   204
 33   M   0   26.6369   1   3457.2   166.0   17.5    10.5   452.8   2629    75
 45   F   0   22.3611   0   1126.7    20.4   12.5     7.2    71.8   1307   127
 41   F   0   23.0939   1   3258.3   101.2   26.2     0.5   341.7   1306   131
 73   M   0   24.6800   0   2833.7   119.9   14.6    18.2   365.0   3465    21
 31   F   0   21.3314   0   2264.3   105.5   13.4     3.2   396.5   1846   233
 50   M   0   25.1199   1   2026.0    85.5   11.2    21.0   268.2   1334    73
 65   F   0   28.4020   0   1747.6    83.6   10.9     0.0   244.8   4848    25
 35   F   1   21.8340   1   1575.5    53.9    7.0     1.0   216.2   1734   137
 42   M   0   29.0357   1   1785.4    94.1   10.0     0.7   288.0   1120    82
 19   F   0   29.2415   1   2558.9   116.1   12.3     0.0   324.5   1498   327
 37   F   0   19.9861   1    839.0    29.2    4.7     6.4    66.5    330   142
 44   F   0   24.0812   1   2391.3    95.4   20.6     0.0   283.3   5909    86
 36   F   0   23.3459   0   1887.4   110.2    6.0     0.1   211.7   3326   150
 53   M   1   25.1406   0   2798.2   125.9   17.7     7.0   239.0   2110    53
 69   M   1   27.2289   0   2654.9   126.0   23.3     0.0   248.0   2719   112
 74   F   0   27.9862   1   1202.0    46.6   11.4    0.0    59.2   2309   104
 70   F   0   22.5331   1   1235.9    51.1    9.6    3.0   142.0   1153   170
 77   F   0   27.7905   1    866.9    31.0    9.8    0.2    59.7   2493   282
 73   M   0   24.4172   1   1666.8    76.5   13.3    0.0   747.5   3054    91
 41   M   0   23.6170   0   1055.0    33.2   12.9    0.9   220.0   4268   282
 22   F   0   27.0053   1   2733.0   123.8    5.1    0.3   440.3   1652    16
 44   F   0   23.4605   1   1660.1    80.3   13.6    0.1    89.0   1802   129
 46   M   1   35.2597   0   2667.5   131.6   10.1    0.0   550.5   1210    39
 25   F   1   20.6410   1   1517.4    59.1    5.9    0.0   127.6    214    54
 69   M   0   23.0056   0   1711.4    98.2   10.8    0.3   332.4   1370    78
 69   M   0   25.2317   0   1756.4    82.3    8.8    0.0   500.3   2354    34
 58   F   0   27.3369   0   2186.2    99.3   14.9    0.2   263.8   2446    95
 77   M   0   25.8813   0   2075.2    75.6   21.4    0.0   228.8   3473   174
 67   M   0   24.7353   0   2021.2    94.8   13.3    8.0   417.6   3359    95
 37   F   0   29.3256   0   1653.2    77.3   12.5    1.0   162.6   1062    97
 60   F   1   19.6773   0   1506.7    76.3   14.6    0.0   239.2   3982    25
 49   F   0   25.0700   0   1511.7    54.4   16.1    4.2   200.5   1656   270
 83   M   0   25.5977   1   1933.6    98.8   11.1    0.0   224.7    768   285
 56   F   0   22.0119   1   1830.0    52.8   13.8    8.5   689.4   1496   110
 39   F   0   30.2913   0   1256.7    43.7    5.3    0.3   133.6    683   162
 41   F   0   41.8559   0   1823.7    54.7   14.6    0.0   188.0    885   179
 66   F   0   26.5081   0    958.5    37.7    8.3    0.0   108.6   1552    86
 55   F   0   21.0778   0   2328.3   112.6   13.9    2.9   281.9   2144   225
 49   F   0   39.4650   1   1574.0    74.6   14.1    0.0   440.6   3567   249
 31   F   0   18.9836   1   1646.2    52.2   13.2    5.0   174.9   1423   254
 64   F   0   18.8783   1   1828.0    63.4   14.7    0.0    87.9   1293   189
 57   F   0   23.2212   1   1288.7    63.2   10.6    0.0   200.2   2111   108
 42   F   1   26.8491   1   1084.3    25.2   21.8    1.0   105.7   2874   121
 40   M   0   25.8813   1   2431.9    93.7   17.8    0.1   364.6   1699   238
 37   F   0   19.5708   0   1645.7    76.0    6.6    4.0   225.9   1368   141
 66   F   0   26.4205   0   1563.7    73.3   12.0    1.1   300.9   2247   305
 26   F   0   20.3795   0   1663.3    64.6    7.6    2.0   124.7    910    74
 45   F   0   29.2415   1   1601.4    93.9    8.8    0.0   255.8   1171   156
 74   F   0   30.2950   0   1718.9    57.9   15.0    1.2   272.7   2077   168
 49   F   0   21.4790   0   1010.6    29.4    9.1    6.2    98.8   1210   116
 74   M   0   27.3192   0   1837.0    76.9   13.6    0.0   383.6   2628   304
 38   F   1   21.8451   0   1662.7    58.7   15.7    3.7   163.7    561   198
 83   M   0   22.2224   1   1534.7    54.9   26.3    0.0    77.5   1893   253
 70   F   0   28.0470   1   2005.8    89.5    8.5    0.1   121.2   1312   148
 39   F   0   26.0943   0   1187.8    32.8   11.6    0.0   154.9   1913   492
 65   F   0   21.5852   1   1446.2    56.8   10.8    0.0   127.9    924   156
 72   F   0   21.0313   1    976.7    68.4    3.1    0.0    99.6    728    27
 46   M   0   23.6773   0   2706.7   104.9   16.8   22.0   416.0   4387    52
 46   F   0   30.0587   0   1546.0    73.6   10.3    7.0   284.8   1976   210
 51   F   0   34.1851   0   1324.0    46.0   12.7    0.0   151.0   2422    83
 39   F   0   24.0812   1   1368.9    61.6   14.4    6.7   314.9   1407   182
 33   F   1   20.1613   0   3228.0   141.1   14.4    0.0   718.8   1301    40
 49   M   0   31.7263   0   2825.8    97.8    7.5   35.0   374.3   1112    69
 44   F   0   23.3932   0   1220.9    35.1   14.0    0.0    99.2   1052   172
 69   F   0   24.2613   0   1174.7    47.4    9.9    0.1    89.9   1008   253
 52   F   0   27.8335   0    828.2    52.3    6.1    1.2   141.1   1054   435
 82   F   0   20.2177   1   1708.1    94.2   15.1    2.0   224.7   1484   429
 46   F   0   23.4786   0   1182.9    60.2    5.2    0.2   164.5    657   326
 25   F   0   22.7051   0    928.4    29.7    6.0    0.5   120.7    604    75
 54   F   0   37.8687   1   4373.6   235.9   22.9    0.1   814.7   2912   121
 35   F   0   18.4386   0   1555.6    72.8   11.5    0.0   174.1   1578   207
 46   F   0   33.1948   0   1581.7    64.1   12.3    0.1   170.1   1210   118
 70   M   0   29.5966   0   1397.4    60.5    9.2    0.0   228.5   1554   108
 71   F   0   22.1532   1   1305.4    43.3   10.2    0.0    72.7   3445   385
 59   F   0   26.8868   1   1249.6    24.2   14.7    0.0    97.2   3014   408
 46   F   0   39.4062   0   1207.1    42.8   11.6    0.0   155.1   1462   118
 37   F   0   33.3723   1   1688.1    45.0   17.1    0.8   141.1   1272    60
 39   F   0   21.9409   0   1719.3    49.7   18.4   11.0   164.6   5296   357
 43   F   0   25.5828   1   2501.6   121.1   19.5    0.0   343.0   5605   858
 23   F   0   20.1259   1   2219.1   120.9   13.1    2.0   415.8   2430   104
 45   F   0   20.2398   1   1827.7    71.2   10.4    2.0   267.5   2375   219
 63   F   0   23.9217   1   1282.3    26.4   13.6    0.1   100.6   3753   296
 44   F   1   28.3486   0   1427.2    60.6    8.3    0.2   195.0    695   164
 43   F   0   20.4035   1   2000.8    86.7   14.8    0.9   200.9   1649   487
 33   F   0   27.8695   0   1622.4    71.5   12.9    1.0   214.8   2317    70
 35   F   0   34.0818   0   3114.0   160.2   14.9    0.2   432.3   1702     43
 50   F   0   23.0716   0   2012.0   112.9   14.3    6.5   456.9   1007    274
 50   F   0   29.0157   0   2106.4    97.0   12.9    0.0   344.3   2308    231
 59   F   0   25.5977   1   1546.6    72.9   15.1    0.7   192.8   4694    346
 38   F   0   23.0766   0   1149.0    43.6    8.6   10.5   122.5   2749    181
 60   F   0   29.7475   0    659.3    22.2    7.0    0.1   102.0   1497    116
 54   F   0   19.1770   1   1580.6    82.9    9.4    5.2    98.3   1171    391
 71   M   0   24.4634   0   1850.5    75.9   16.1    7.2   247.9   3054     85
 48   F   0   22.5319   1   1242.1    37.5   13.3    1.0   148.4   1488    800
 49   F   0   32.0177   1   1099.4    56.9    5.2    0.5   169.9    829    286
 27   F   1   29.2415   0   1127.6    59.4    7.4    0.0   183.4   1037     87
 27   F   1   25.4454   0   2919.5   125.3   14.3    1.0   370.0    846     74
 75   F   0   21.5278   1   1049.1    51.7    8.0    0.0   188.9   1382    460
 45   F   0   26.4205   0   1366.6    42.5   12.9    2.5   141.2   3407    154
 35   F   0   30.4455   0   1884.8    91.6   11.1    5.0   518.0    758    206
 56   F   0   33.5921   1   1494.5    59.1    6.8    0.0   111.5    599     19
 41   F   1   27.5214   0   1444.6    89.1    6.8    0.0   280.1   1073    168
 48   F   0   32.9913   1    445.2    14.4    5.0    0.0   102.8    862    108
 48   F   0   21.8351   1   1849.8    80.6   13.8    3.2   549.1   4291    274
 32   F   0   20.1579   0   1678.2    54.3   12.9    1.5   147.3   1668    120
 38   F   0   46.7376   0   1390.4    55.7   10.8    0.0   195.1   2809     53
 52   F   0   33.2962   0   1749.9    81.3   12.1    0.0   226.5   2373    105
 40   F   0   24.0103   0    742.3    36.5    5.9    2.1   133.9   1850    159
 44   F   0   23.0716   0   1148.5    50.3    7.1    0.1   139.2   1352     83
 55   F   1   29.0357   0   1162.5    54.0    5.6    0.2   175.2   1417     99
 48   F   0   20.2177   1   1738.9    63.5   12.2    0.5   205.9   4504    159
 38   F   0   20.7176   0   1432.1    58.5    6.3    0.2   131.9    998    111
 49   F   0   20.4035   1   3098.9   106.2   25.2    1.2   447.6   4430    316
 36   F   0   32.9594   0   2342.3    95.8   19.2    1.7   389.4   3201    105
 64   F   0   21.5011   1   2319.9    97.6   22.3    0.0   155.3   3686    317
 49   F   0   23.6795   0   1292.8    43.1   10.6   11.0   180.7   2131    372
 49   F   1   22.7216   1    784.4    40.6    4.9    3.0    97.4    852    116
 43   F   0   22.9146   0   2038.5    80.7   17.1    0.0   232.3   2781    229
 33   F   0   23.9378   0   1366.8    55.9    6.2    0.0   196.0   1151     51
 38   F   0   26.0943   1   1550.0    66.8   12.1    0.0   253.2   3970    286
 36   F   0   19.7665   0   1240.7    50.9    6.9    0.3   116.0    808    110
 33   F   0   21.6734   0   2814.6   111.2   16.8    0.0   399.3    843    143
 47   F   0   20.8130   1   1612.5    45.5    9.0   15.0   149.9   2537   1212
 53   F   0   40.6892   1   1576.3    54.8   13.5    0.1   308.9   2205    174
 41   F   0   29.1423   1   1197.7    54.5    4.9    0.0   135.6    587     86
 36   F   0   21.0778   1   2045.3    84.8   13.2    0.7   271.9   3591    132
 32   F   0   35.9753   0   3328.4   163.3   20.0    4.1   425.5   3434     58
 57   F   0   26.9429   1   2513.3    98.9   10.6    0.0   428.1   2869     77
 42   F   0   21.6784   1   1737.4    62.1   16.3    0.2   211.7   2515    237
 37   F   1   27.2655   1   1034.4    34.5    8.9    0.0   118.5    807     41
 52   F   0   32.6718   1   2083.9    93.1    8.8    0.0   328.1    766    103
 45   F   1   28.7254   0   1481.8    75.3   10.4    0.2   336.9    720    193
 42   F   0   20.7690   0   1051.2    44.0   10.9    0.2   165.5    516    153
 42   F   0   21.2065   1   1730.1    58.3   16.6    4.5   196.1   3785   1391
 41   F   1   20.7176   0   1102.8    56.6    5.3    0.0   329.8   1436     89
 41   F   0   26.3117   1   1496.7    64.6    5.9    1.0   239.8    613     84
 70   F   0   20.1613   0   2017.2   136.0    7.6    0.0   195.8   2251    494
 44   F   0   26.3675   1   1525.6    85.4    7.9    0.1   179.4   2029     78
 46   F   0   28.4020   0   1342.2    69.7    5.9    1.0   215.4   8046    102
 22   F   0   50.4033   0   1511.7    64.4   10.2    0.0   190.3   1074     50
 46   F   1   21.6784   0   1570.1    74.1   13.7    0.9   145.7   3556    211
 32   F   0   20.0560   1   2703.4   120.6   11.4    0.1   284.3   1218    159
 27   F   0   23.8763   0   1200.6    61.5    8.7    1.5   208.7   2199     89
 52   F   0   37.1113   0   1891.6    73.8   17.6    0.0   226.0   5810    108
 42   F   0   36.5973   1   1434.9    59.3   11.2    0.0   281.1   1214    188
 36   F   0   40.2953   0   1414.6    51.2   13.7    0.0   135.8   1678     14
 59   F   0   24.8040   1   2192.3    78.7   14.2    0.0   173.5   2579    165
 75   F   0   36.4737   0   1380.6    54.5   13.5    0.1   201.6    925    143
 43   F   0   45.8581   1   1626.3    72.2    7.9    0.0   157.5    404    241
 56   M   0   30.4824   0   2210.7   113.1   10.5    6.1   340.1   2008     97
 48   F   0   19.7039   0   1600.7    77.7   11.2    7.2   180.1   2469     76
 34   F   1   21.9638   0   1076.2    52.7    6.1    0.0    78.3    755    169
 37   F   0   23.3459   0   2094.5    78.9   17.3    1.0   193.4   1718    222
 41   F   0   31.8216   0   1823.0    74.8   12.1    1.3   196.9   2133     82
 74   F   0   23.3459   1   1512.1    73.8    8.7    5.7   182.8   1167    324
 73   F   0   21.0113   0    840.6    34.3    8.2    0.1    81.1    619    146
 53   F   1   19.7810   0   1996.1    98.8    9.2    0.0   436.8    908    126
 74   M   0   21.1364   0   2171.6    76.6   20.4    0.0   176.3   3690    293
 77   F   0   24.3272   1   1481.4    55.0   11.2    0.0   191.7   3425    183
 39   F   0   21.1781   1   1829.2    79.0   15.6    0.0   178.4   2787    170
 37   F   0   44.9107   0   2010.4   101.2   16.0    0.1   362.4   2142    129
 47   F   0   23.9642   0   2120.8    77.4   17.0    8.4   185.9   2299     92
 64   F   0   21.2065   0   1008.4    35.4    5.6   14.0    37.7    544     44
 36   F   0   42.8887   0    798.2    30.6    7.9    2.4    46.3    604     51
 42   F   0   20.4172   0   3099.2   134.9   19.0    0.8   469.3   6558    103
 64   F   0   25.6599   0   2055.7   114.4   13.0    0.0   248.4   2661    101
 38   F   0   20.7029   1   2585.3   129.8   21.1    4.0   429.5   7362    372
 39   F   0   28.4015   0   1906.5    86.4   10.4   15.5   265.9   2583     78
 40   F   0   31.2422   1   3014.9   165.7   14.4    0.0   900.7   1028     20
 29   F   0   37.9400   1   1631.0    55.6   13.8    0.5   189.5   3435     84
 71   F   0   24.9883   0   1399.5    66.5    9.6    8.0   260.0   1527    161
 45   F   0   23.4316   1   2319.0   122.1   13.4    0.1   305.7   2047    331
 63   F   0   18.9209   0   1655.9    70.8   15.1    0.1   177.3   2897    366
 46   F   0   24.2613   0   1422.8    58.3    7.8    7.1   206.3   1987    990
 75   F   0   21.6784   1   2511.5    92.3   36.8    0.6   228.3   4271   1010
 46   F   0   35.1907   0    740.6    38.5    5.3    0.0   113.9    868    236
 44   F   0   22.5440   0   1292.6    49.4   10.4    1.2   186.5    578    175
 24   F   0   31.9972   0   3021.9   171.0   11.4    0.1   466.3    953     67
 32   F   0   22.5122   1   1918.4    63.1   16.1    5.0   202.2   1048    129
 66   F   0   22.6438   0   2086.6    72.3   16.0    0.0   112.8   1439    317
 43   F   0   26.3476   0   3449.7   172.8   20.5    1.4   381.3   3324    168
 73   F   0   24.9412   1   1186.4    46.1   10.5    1.5   119.7    921    613
 54   F   0   25.7501   1   1724.7    75.1   18.2    0.0   173.3   1192    274
 44   F   1   29.9774   0   1877.4    92.2    7.7    0.2   211.6   1665     94
 55   F   0   22.8771   0   2272.6    94.5   10.9   14.2   269.2   3610    122
 70   F   1   23.8270   0   1514.4    51.7   14.2    7.0    97.5   3317    232
 32   F   0   25.4573   1   2170.3    95.1   15.2    0.2   175.2   3313    167
 33   M   0   23.2690   0   2271.1   114.6   10.4    0.0   574.2   1270     32
 49   F   0   22.5064   0   1469.9    50.4   12.1    0.7   118.8   1915    128
 69   F   0   44.2062   0   2332.2   109.6   19.7    0.1   286.7   4013    151
 38   F   0   20.7174   0   1619.3    83.7    8.4    0.5   310.1    902   206
 34   F   1   34.0818   0   1148.7    41.7    9.8    1.0   173.4   2247    75
 49   F   0   20.0896   1   2512.0    64.9   30.2    0.6   168.5   4832   447
 40   F   1   18.3432   0    833.0    38.8    5.5    0.0   145.3    577   339
 41   F   0   28.0470   0   1808.4    61.5   10.5   17.0   176.1   1884    89
 62   F   0   29.8494   0   2115.4    84.1   23.9    0.0   189.5   3172    39
 78   F   0   41.6857   0    647.7    30.9    3.7    0.0    87.5   1186   114
 67   F   0   30.7309   1    849.2    25.4   10.9    0.0    91.7   1237    66
 51   F   0   24.9082   0   2166.9   105.8   15.6    0.0   349.1   4098   407
 29   F   1   26.6874   0   2476.2   121.1   14.3    0.0   263.5   2889   105
 43   F   0   18.5769   0   1695.3    62.4   17.7    0.0   147.3    570   150
 55   F   0   25.4258   0   2307.8   111.0   18.4    3.4   487.8   2627    95
 54   F   0   24.9550   1   1392.2    47.8   12.9    0.0    87.5    849    74
 32   F   0   39.5620   0   3511.1   114.7   13.9    0.2   444.7   2174   202
 65   F   0   26.7596   0   1276.0    60.5   12.0    3.5    87.3   1456   133
 41   M   1   41.6495   1   2685.1   133.1   11.1   15.0   432.4   3728    63
 60   F   0   40.6953   0   1327.0    64.8    9.3    0.1   341.0   1987    22
 73   F   0   25.8473   0    853.1    29.8    6.3   10.0   160.5   1022   151
 71   F   0   21.8109   1   1215.8    43.8   12.3    5.0   110.8   2079   473
 47   F   0   37.2776   0   1927.6    92.5   10.7    0.0   359.1    406    58
 35   F   0   29.5855   0   2466.9   112.6    9.6    0.1   331.9    621    87
 34   F   1   21.3291   1   3103.7   124.7   18.1    8.3   431.0   2652   113
 41   F   0   34.6149   0   2046.9   103.0   13.1    0.0   334.2   1745   117
 33   F   0   18.5769   1   1835.9    74.1   23.0    0.7   184.2   2121   155
 73   F   1   20.7112   0   1678.5    82.3    6.3   14.1   249.5   1078    41
 67   F   0   26.9429   1   1049.2    44.6    9.6    0.0   247.2   2672    73
 66   F   0   33.1076   0   1762.1    72.9   16.5    0.0   240.3   4935   113
 44   F   1   23.2772   0   3183.1   119.4    6.9   35.0   378.8   1118   100
 36   F   0   24.7435   0   2838.8    88.5   24.0    4.5   252.4   9642   265
 48   F   0   24.6147   0   2021.1    72.2   16.6    9.0   299.1   1392   144
 46   F   0   25.8967   0   2263.6    98.2   19.4    2.6   306.5   2572   164
 45   F   0   23.8270   1   1841.1    84.2   14.1    2.2   257.7   1665    80
 49   F   0   24.2613   1   1125.6    44.8   11.9    4.0   150.5   6943   300
 31   F   0   23.4526   1   2729.6   144.4   13.2    2.2   381.8    741   121
 45   F   0   26.5081   1   1627.0    77.4    9.9    0.2   195.6   1242   233
